2021
9256
5082
9853
4960
7058
5392
3030
5798
209
3336
3730
8716
5933
8134
4419
3848
9755
4113
7614
2417
9392
3506
2480
3635
3381
3628
8866
7269
1486
7386
6571
9774
9790
9763
5898
478
277
7615
698
4687
3330
1933
9907
3895
7066
6922
649
5376
3950
9850
9415
6835
9327
1038
656
1445
4368
5903
6343
763
598
3253
5024
2013
3383
4161
8367
422
9219
5589
6775
5875
5602
8590
1682
3780
932
1362
7387
940
1774
5836
6382
8691
4949
8307
8963
247
5877
7778
2527
6227
7113
4391
9416
7863
8779
903
1503
9599
5979
8515
449
5869
8534
806
3414
4059
9975
683
7479
3252
2502
1317
2288
139
5192
5398
3900
8633
2923
1499
9197
3010
2613
2114
4823
1931
2964
3327
3254
8407
6838
9666
9511
460
8018
4654
5915
4673
4329
8712
7501
6999
5479
7037
3187
5839
3195
7242
398
1211
1564
2802
6744
7952
3679
1160
2005
662
756
7727
2861
6277
9036
4920
6010
1375
2563
5175
3531
5197
1168
1225
9828
7250
6226
9193
1775
6876
3681
7688
5259
3435
5520
4979
8677
6526
2898
6606
7536
7140
9118
1636
1836
470
1188
177
4109
9741
502
6076
8665
2722
9618
696
8903
1166
9109
8067
4718
6897
8445
181
3483
2845
5829
8549
5478
9106
4084
9500
4685
369
6522
4907
4639
1312
3861
249
7592
1630
8342
3351
4763
4725
6899
278
5031
9186
4502
8584
6531
7637
774
1426
5218
1140
7625
2151
9575
6463
8807
8423
8799
3191
5465
1352
9462
8678
6004
350
9796
8558
7694
8287
967
9718
5149
1243
1280
1153
9130
6380
1107
7186
9076
3126
7483
1445
9392
7140
1084
9334
9393
9303
4993
3906
1651
9780
3355
2746
7684
8529
8699
1579
4771
8265
3926
